382683795: 7 3 369 9 2 4 6 629 3 65
35389305: 95 9 7 9 657
381705: 8 6 7 4 5 78 9 7 8 500 4 9
5041638126: 5 837 97 9 81 762
1320: 4 4 155 9 6 7 6 8 4 1 39 1
1863750: 8 214 62 5 3 15 70
39606: 20 6 55 1 6
398215: 4 549 6 4 9 3 9 2 374 73
6067: 944 67 6 1
110173778: 3 7 8 8 6 1 5 889 3 51 5 8
43339: 5 831 8 358 6 4 1 6 3 2 1
159939322: 661 57 849 6 5 54 373
2027: 7 85 3 1 7 7 49 5 6 3 25
669: 7 2 634 20 6
17262: 88 98 2 5 9
1149387: 43 286 59 1 1 93
68607: 52 6 9 818 1 86 4 7 2 7
1179: 230 935 14
1919: 3 382 10 758 5
208840153: 556 59 693 9 490 193
2410: 5 597 4 2
3652794: 480 6 4 663 2 22 4 5 6 3
215: 20 96 10 40 49
427764: 1 6 7 6 8 34 3 640 516
47966: 5 8 4 4 88 8 404 9 7 5 8 2
57528121: 1 4 91 787 6 38 769
91700: 7 4 2 1 9 7 46 4 2 6 700
295134900: 9 38 146 11 782 56 5
26823465: 272 9 35 264 4 5 531
2487: 765 3 92 1 99
1637010: 2 978 94 508 78 3
124890: 91 2 8 770 2 65 9 7 74
42491871: 35 935 894 7 7 36 6 9
67136: 3 3 987 9 653 7 1 6
196808: 8 5 971 25 8 8
97634: 9 8 4 706 21 8 7 6 9 1 6 5
13500: 58 59 8 2 54
20597976800: 160 378 57 239 32 25
35516: 789 5 1 9 2
7436: 64 79 52
1505600: 875 66 8 50 4
1795281840: 50 7 706 36 8 726 90
1192: 6 751 26 404 5
129633369600: 10 144 57 8 75 8 28 94
2213209: 59 94 399 4 351
193890819: 754 63 68 698 7 5 344
1865867640: 4 594 140 51 437
1192734: 35 983 681 1 39 1 2 3 6
236: 47 21 42 8 2
51372: 81 317 2 9 9
14926299: 4 410 41 7 879
232662095: 88 9 51 8 5 80 9 2 573
88538: 43 110 577 168 7 73 9
67080: 4 1 555 6 20
73985688: 8 4 9 3 142 3 3 2 1 67 6 6
55162: 860 9 7 921 61
2745360: 9 97 1 7 1 9 620 36
260208: 3 6 4 4 6 834
1987: 8 177 51 894 857
18653647736: 7 4 9 7 9 7 1 6 9 989 7 8
34340: 387 17 85
44709: 5 6 1 5 73 897 7 40 8 9 6
3658360: 3 7 8 783 5 8 74 52 2 7 8
630: 12 9 5 6
3275445474: 7 5 3 47 5 7 5 7 53 861 6
3070305: 505 6 2 399 15
1640: 782 8 850
2324815245: 244 5 6 2 50 7 1 5 9 601
6144738: 50 539 9 720 222
1412: 71 4 2 127 999
18386767: 23 6 6 399 40 1 96 8 8 7
581612152: 94 790 1 89 88
17298: 3 5 8 6 890 17 26
12104: 4 2 9 8 89
1623495: 754 6 8 267 36 59 32 8
1141793460: 9 2 542 263 1 89 5
64848615552: 53 8 42 733 9 552
180653900: 893 70 85 17 2
15776: 9 4 4 1 1 4 7 49 410 8 8
2164: 1 9 5 48 4
5099570: 40 44 7 74 39 1 7
5572622946: 27 429 5 4 136 884 98
256309: 126 678 6 3 7
55242: 59 3 99 9
42404360: 66 735 919 51 857
1119050: 288 9 5 5 751 60
645492272: 74 853 1 4 8 3 12 71 8 4
853960: 648 9 6 9 143 669 2 8
568861: 4 8 4 38 11 919
2725561: 636 5 60 841 721
175863701640: 5 797 585 690 857 88
354420: 454 71 12 1 660
123186: 7 412 3 7 14
243736650: 725 4 7 40 455 4 2 25 3
13452: 24 79 4 5 4 7 5 9 65 1 6 3
34505: 90 366 54 601 910
86754: 8 29 35 54 41 6
131263: 362 5 6 2 8 6 9 7 6 39 88
329539098: 738 4 8 5 9 3 4 83 8 5 6 7
620286: 2 2 3 71 26 8 5 6
5093059: 448 6 2 701 8 995
429651624: 903 61 1 13 7 75 2 8 8
9282: 2 8 45 64 78
60780: 969 3 97 4 4 52 76 1 8 5
7218: 3 3 203 34 112
12392: 5 3 1 83 9 606 7 117 8
2934736: 106 173 4 20 2 8
1137542408: 8 1 6 5 6 1 9 227 8 580 8
39122793600000: 930 704 8 925 95 85 1
1426128: 46 344 1 381 88
1275415344: 222 41 849 238 24
278389: 195 9 61 48 105 666 1
637055: 67 619 928 6 441
1059: 74 397 36 544 8
8257244360: 72 371 60 6 16 322 8
1616924: 262 1 53 29 4
410: 6 6 258 52 1 88
39792060: 855 37 65 63 660
1913107: 371 178 71 64 49
49640440: 1 26 47 4 75 18 5 79 92
11298830449: 1 66 620 767 5 72 43 6
224952: 757 62 5 1 273
2063516: 555 235 653 9 4
2576: 45 749 12 50 3 8
76745952: 4 9 4 262 2 2 44 8 540 8
367072: 2 1 709 6 831 27 55 6
232008: 1 305 526 9 5 31 4
121111296: 3 868 634 27 61 992 3
54180: 409 23 914 515 5
5497: 2 1 4 4 15 4 1 9 2 928 2 5
23135875: 31 901 8 535 3 2 965
128675053: 84 344 61 7 73 573 81
3391392583: 829 24 286 596 7
1480860: 8 3 1 5 66 412 1 84 9 2 6
26161296: 8 7 8 3 9 77 8 5 3 49 8 6
296310: 8 1 3 23 2 6 6 9 95 51
155126: 2 51 303 5 596
129260: 7 3 9 11 1 2 51 6 7 8 572
29303: 5 60 437 851 47
8715: 2 59 8 9 1 1 14 7
972119272: 55 4 13 5 5 8 2 6 9 98 5 8
68630: 340 390 93 293 447
3943205: 1 776 9 3 23 8 76 600 5
122: 5 30 3 8 9
244560: 2 5 29 6 4 5 95 1 2 5
15286250: 2 7 865 7 5 2 7 4 3 7 2 5
3544: 8 6 403 1 26 8
32669230: 953 13 13 71 470
436992: 908 9 8 39 885 8 2 3
1463088: 113 65 263 1 705 4 44
4236895: 912 97 79 649 9 6 169
80676324: 280 5 711 604 81
48402984: 7 941 49 521 2
154177: 1 904 765 564 69 100
145805: 4 356 5 81 5
1293618786: 73 9 48 4 65 1 9 631 7
119: 7 3 32 68 9
56518734636: 875 714 84 923 98
57878: 8 6 26 38 60 43
299753: 56 6 3 4 2 8 9 565 6 5 1 6
10895644032: 490 517 8 8 2 31 48 7 8
25515: 1 7 6 402 61 3 1 9 4 123
5903109158: 83 6 27 2 5 9 995 7 7 23
491: 5 3 474 9
30327: 94 4 1 12 78 63
1996: 672 4 910 410
18318: 49 43 9 9 4 3 39 6 2 8 4 2
737: 631 2 98 3 1 2
1864368: 29 25 7 1 7 25 698 2 8
52086: 2 69 14 5 3 4 740 9 5 6
60073021: 1 79 891 745 5 2 417 1
2222532: 8 608 82 44 4
97888: 50 20 8 52 4 78 2 6 64
10901: 24 1 7 62 51
277: 7 251 8 9 2
4146916: 24 1 559 324 290 206
1509314: 9 2 1 3 28 3 5 9 645 1 9 5
5490: 6 56 546 2 9
8664: 96 26 293 99 3
4565: 7 50 76 175 58
30092958: 7 18 51 223 21
3717: 5 2 11 3 5 1 3 2 396 4 7 7
18876: 9 9 4 45 60 1 44
3812492: 23 4 250 107 556
23404: 3 5 342 8 16 4 44
31276875: 1 7 5 85 7 75 561 6 46 3
627038130: 2 7 1 8 8 736 5 27 926 8
46142: 2 757 5 5 2 86 2 7 3 3 2 1
21332264400: 969 98 9 4 52 6 40 3
10028200: 8 2 9 222 65 1 350 76
13533: 2 2 50 249 87
24219: 22 8 2 1 5 89 1 4 7 878 9
51596: 81 625 83 318 570
2612365509: 1 238 6 9 7 29 2 872 8 5
171134: 611 4 70 1 52 1
2676: 2 6 2 3 2 708 47 34 59 3
256973: 53 63 246 9 7 55 87 1
2225933284: 851 9 5 71 7 8 906 5 4
37542604686: 29 6 4 410 4 71 805 9 6
67520: 94 68 5 80 5 424 4 292
327564: 5 6 16 6 4 2 44 1 1 8 3 81
1620: 3 24 8 132 893 4 6 2 7
26292540384: 5 672 450 29 9 6 496
1001612: 6 755 1 6 55 8 2 54 5 4
2414151168: 158 19 30 58 572 24
2720: 1 4 6 1 2 3 3 808 3 18 4 4
99930: 9 1 7 7 4 1 1 2 65 18 1 30
12560094: 9 89 7 28 80 413 1
1786: 9 5 178 9 58
54693: 20 39 927
3947: 468 7 98 8 565
56: 5 1 6 2 2 8 8
173600: 9 2 7 9 2 102 4 892 1 7 8
769029: 714 269 4 15 385 365
122265: 8 30 4 9 27 55
36537408: 184 3 2 3 96 229
119835239049: 712 5 3 66 79 8 269 1 8
490999: 2 648 26 31 29
8607: 4 111 49 52 79
66449600: 3 657 39 782 56 425
35525: 988 22 5 5 7 1
16848414: 2 11 27 6 6 8 9 430 7 22
151673550: 740 7 846 4 2 86 5 6 90
202544: 4 9 45 7 7 17 3 9 8 69 39
2259213: 2 59 2 14 73 669
1114: 65 54 33 455 507
414708: 25 690 9 8 4 5 36 5 4 6
60829779: 9 6 447 9 5 7 14 5 7 4 2 3
89712: 7 97 4 18 8 89
876: 3 9 73
4931115: 3 89 957 5 1 8 5 7 2 39 7
317: 2 14 3 4 46 131 59 29
420090892: 91 411 8 4 7 39 7 9 340
15: 1 7 7
16091: 8 577 715 8 4 6 4 3 9 23
6816: 8 7 33 71 2
441181: 7 2 653 8 94 4 31 7 76
304653: 378 72 7 62 587
2213436462: 70 54 477 99 6 9 7 6
98118: 3 53 987 765 8 1 1 6 9
21095946: 534 837 50 6 385 6 51
423890: 444 8 822 34 7 2 48 50
93519: 3 40 59 458 8 2 71
364041: 93 13 8 64 284 8 229
381903882: 585 881 4 1 741 6 627
27067872: 4 50 6 4 9 7 876 328
597359623: 25 5 8 7 71 1 626 8 375
8668962: 87 369 4 30 8 9
56506: 92 4 833 47 59
5454: 6 121 259 5 525 4
2583507: 55 6 7 2 2 4 2 477 4 66 9
8103808659: 730 3 9 9 6 669 4 5 51
1479: 4 20 58 27 60
176430814: 502 8 9 2 2 1 5 3 809 7 7
2688: 8 1 33 6 179 92 9 8 8
87255: 5 989 12 64 5 9 9 5 6 9
3484800: 1 1 659 1 2 3 2 6 439 9 9
69072003: 592 19 934 10 3 9 3 9 7
22651682: 152 6 12 423 9 35 32
8280845: 8 5 5 7 2 5 5 1 160 1 9 5
543205950: 1 1 83 813 7 575
186: 2 33 1 27 3
792960: 55 4 7 8 30 8
2770: 682 1 4 42
1158: 827 81 99 3 148
811681: 4 152 89 15 1
9646: 4 9 5 38 4 7 6 8 67 240 7
126767: 42 3 7 941 626 967 21
2030602840: 7 4 5 5 7 4 499 291 8 23
59705: 997 59 5 216 661
158861736: 7 4 8 5 92 2 23 6 4 1 391
2358948: 84 5 3 6 9 3 70 7 5 279 3
29130: 1 1 362 609 6 5
307: 12 8 34 8 1 4 100 1 64
110577: 86 791 72 4 1 8 9 1 29
346475: 779 6 7 74 74 7
6550: 178 162 19 88 2
7620480200: 840 1 70 9 4 3 5 6 1 5 5 8
22327095: 6 30 719 6 6 7 1 2 6 821
3730: 9 59 56 7 6 6 49 81
1820729: 8 20 1 22 517 882 7
5650: 384 2 2 25 5 320 1 2 7 5
67037: 166 403 61 78
1097: 83 15 4 95 610
138311712: 74 80 9 24 77 54
23606: 58 9 6 5 58
592711: 23 233 434 859 1
367570476000: 7 87 40 3 5 265 2 2 949
10598202: 2 3 9 429 5 8 9 486
168268: 822 445 90 4 31
102663: 235 4 7 674 763 1 33
4155840: 9 521 76 50 4 6 4 520 3
211072962: 1 43 9 6 6 1 648 7 58 3
203168: 902 5 4 8 7
115360: 85 21 5 8 7 876 21 5 16
474: 27 1 3 393
8634: 522 3 931 3 297 5 841
2036934: 70 23 33 4 69 83 3 75 9
44976: 18 13 60 5 9 24
30108: 4 9 75 6 2 8 10 766 1 4
4710889260: 38 267 77 9 670
265: 233 6 4 1 18 4
9189: 78 984 764 5 59
386270725: 361 48 1 3 46 8 928 5
2695: 176 9 6 54 11
8204553: 35 389 3 43 2 928 3 7
276811: 4 8 4 9 2 2 732 1 7 34 74
30093: 89 47 9 209 21
24238: 258 15 500 439 5 193
28458657220: 7 98 32 949 5 21 5 7 85
22908: 8 27 255 6 8 2 6
282270: 485 97 6
34364: 932 4 3 523 8 332
27600: 7 1 54 2 195 1 8 6
24645: 89 173 600 4 7 9 3 497
172383: 4 872 91 1 48 44 499
176064: 275 80 7 1 8
94584: 80 64 87 984 7
3708: 6 44 53 9 4
63299: 205 514 87 1 745
32577552: 1 3 910 6 2 5 624 42 14
5150880: 8 96 336 7 64 36 280
1884772: 585 805 246 22 2 2
7650: 93 8 200 7 64 978
34843752: 932 3 67 2 93
1129344: 6 375 518 408
123738198: 921 54 8 311 6
1482: 24 248 7 5 87
145: 25 69 37 7 7
132104: 1 6 4 8 4 8 1 50 1 44 8 2
944283906000: 6 86 150 90 971 783
380: 3 52 3 91 231
3102852: 3 2 85 499 23 39 228
3886014: 56 76 913 9 277
1631870: 2 84 5 388 363 80 8 3 5
871885: 9 30 3 27 92 3 1
240: 3 5 2 8
7704: 3 9 642
1493583: 96 2 864 63 9 24
541373: 8 8 11 3 9 756 77
201684005: 23 9 704 69 49 6 700 5
4708723: 3 7 67 7 1 8 98 77 2 6 2 5
14410560: 554 65 5 82 80
12284: 2 1 3 143 308 2 3 2 4 4
17438: 638 9 3 9 203
78327169: 3 885 500 67 59 716
32375064: 699 69 61 1 394 99 84
399150997: 1 5 7 78 13 40 757 4 33
84630: 36 4 64 9 390
480226824001: 5 3 8 893 275 7 8 291 1
2153844: 5 66 1 45 1 701 54 539
604591: 8 50 1 5 7 1 4 63 53 6 8 6
5548: 9 8 7 59 824 4
331: 2 33 5 1
31350058016: 3 1 7 53 96 346 106 4 8
226784880: 1 4 247 8 5 2 7 9 8 849
8226: 90 83 2 299 455
30316870: 8 61 73 851 846
236440248: 8 36 694 87 89
204127695: 509 8 7 4 4 3 9 5 9 719 1
147: 9 13 2 28 1
8480096: 5 1 5 836 7 3 2 6 7 539 9
151031: 5 433 521 7 8 615
4481295: 462 7 21 7 65
67720665600: 7 5 602 8 2 9 31 8 5 1 9 2
1804: 9 92 74 2
5132160: 5 7 9 5 2 3 2 8 1 9 32 486
1046: 6 4 8 8 5 80 7 239
432340440: 5 9 526 309 190
1265235: 6 52 4 6 4 4 1 5 975 660
5571945840: 75 332 3 2 79 6 472
515446: 1 2 86 5 1 4 34 77 68 4 6
199584: 6 8 6 44 6 9
2537: 12 1 6 2 54 4 481
372086736912: 2 71 90 8 78 2 792 471
564725: 81 4 424 396 624 5
31209961: 246 8 163 33 324 7 4 9
68400: 5 902 99 514 5 9
17548790680: 91 619 421 73 740
2580750: 361 2 425 9 50 5 1
600817156: 433 91 953 9 4 8 2 1 2
3964416: 1 1 6 7 1 2 9 6 460 4 768
49103565551: 98 98 859 91 96 62 47
30590: 146 6 5 8 3 8 5 44 7 84
27963329: 228 436 3 94 446 2 19
3564210: 77 8 45 39 703
8605326: 56 2 100 851 64 6 8
798: 14 760 21 3 1
34832: 68 9 10 8 7
13329988: 1 6 4 6 440 9 3 29 6 1 28
1530877: 9 7 5 7 3 7 78 5 5 5 118 9
1474: 1 6 9 674 2
86163: 7 7 10 7 3 1 50 3 2 2 1 77
60159978: 21 98 336 6 87
168705: 2 727 37 4 7 54 28 5
156465: 91 29 313 53 9
22467701: 2 2 368 3 5 2 95 3 7 6 3 8
7586568: 5 19 7 2 6 8 2 2 9 618
501857: 552 909 9 8 72
244683327: 9 2 920 8 50 5 8 7 601
1112640: 686 8 2 93 751 1 2 407
46650: 5 83 80 454 75
3304: 23 5 3 4 7
1114: 58 76 980
17220: 893 2 531 9 12
47658: 36 75 948 45 3
306742: 371 59 7 96 2 68 36
2687: 821 4 44 9 3 53
13193910: 44 67 8 61 558 1
257428: 1 13 792 25 28
3398720: 38 559 5 4 8
269853: 248 5 2 373 307
30522: 310 8 6 2 762
656518: 4 776 5 47 263 3 59 2 9
529254: 9 7 8 86 48 870
13113110010: 64 4 9 22 7 3 535 689
140095272: 658 8 36 28 6 944 8
70896: 90 72 6 6 64 2 9 8 2 4 6 6
1512896: 7 87 7 4 614
105455: 7 8 27 6 6 2 4 1 552 23
151744: 928 9 45 9 2 45 553
11415140: 2 676 6 4 96 20 8 1 91 9
60890: 7 2 918 306 7 27 5 7 3 1
244184: 2 7 7 3 87 9 886 233 1
4064: 13 54 7 54 68
71333392: 427 7 35 53 80 3 227 4
871745190: 4 926 69 4 566 4 929 6
1114: 98 6 9 91 87
24178721: 8 3 165 2 5 9 97 27 7 29
290290824: 4 4 662 4 6 8 43 8 9 123
19644: 94 233 10 4 6
3412148: 87 6 80 6 4 93 6 452
12560011: 3 7 927 18 736 8 6 893
755885: 84 87 68 1 65
205212: 402 18 6 272 294
735: 9 6 61 1 32 5
30294660: 17 7 213 3 6 5 6 985
119952: 8 9 588 4 3
121: 5 1 7 74 5
4889785: 870 81 396 69 6 25
63926: 4 799 20 1 6
8867147: 6 9 4 9 13 9 5 413 2 6 5 7
831974987: 7 59 471 7 611 116
10424368: 62 694 3 8 12 5 8 214
45528: 484 5 22 88 560
31387356: 1 20 871 3 572
4861808: 4 923 8 3 438 8
1636200: 20 7 28 88 8 9 9 51 9 7 2
219659: 35 8 6 1 3 9 11 8 8 3 2 5
3525158: 836 694 8 1 382 6 8 54