382683795: 7 3 369 9 2 4 6 629 3 65
35389305: 95 9 7 9 657
5041638126: 5 837 97 9 81 762
1320: 4 4 155 9 6 7 6 8 4 1 39 1
398215: 4 549 6 4 9 3 9 2 374 73
6067: 944 67 6 1
110173778: 3 7 8 8 6 1 5 889 3 51 5 8
43339: 5 831 8 358 6 4 1 6 3 2 1
2027: 7 85 3 1 7 7 49 5 6 3 25
669: 7 2 634 20 6
1179: 230 935 14
208840153: 556 59 693 9 490 193
2410: 5 597 4 2
3652794: 480 6 4 663 2 22 4 5 6 3
215: 20 96 10 40 49
295134900: 9 38 146 11 782 56 5
26823465: 272 9 35 264 4 5 531
1637010: 2 978 94 508 78 3
42491871: 35 935 894 7 7 36 6 9
67136: 3 3 987 9 653 7 1 6
196808: 8 5 971 25 8 8
97634: 9 8 4 706 21 8 7 6 9 1 6 5
13500: 58 59 8 2 54
7436: 64 79 52
1505600: 875 66 8 50 4
1795281840: 50 7 706 36 8 726 90
1192: 6 751 26 404 5
193890819: 754 63 68 698 7 5 344
1865867640: 4 594 140 51 437
1192734: 35 983 681 1 39 1 2 3 6
236: 47 21 42 8 2
14926299: 4 410 41 7 879
88538: 43 110 577 168 7 73 9
73985688: 8 4 9 3 142 3 3 2 1 67 6 6
2745360: 9 97 1 7 1 9 620 36
260208: 3 6 4 4 6 834
1987: 8 177 51 894 857
18653647736: 7 4 9 7 9 7 1 6 9 989 7 8
34340: 387 17 85
44709: 5 6 1 5 73 897 7 40 8 9 6
3658360: 3 7 8 783 5 8 74 52 2 7 8
630: 12 9 5 6
3275445474: 7 5 3 47 5 7 5 7 53 861 6
3070305: 505 6 2 399 15
1640: 782 8 850
1623495: 754 6 8 267 36 59 32 8
1141793460: 9 2 542 263 1 89 5
64848615552: 53 8 42 733 9 552
180653900: 893 70 85 17 2
15776: 9 4 4 1 1 4 7 49 410 8 8
55242: 59 3 99 9
1119050: 288 9 5 5 751 60
853960: 648 9 6 9 143 669 2 8
568861: 4 8 4 38 11 919
354420: 454 71 12 1 660
123186: 7 412 3 7 14
620286: 2 2 3 71 26 8 5 6
5093059: 448 6 2 701 8 995
9282: 2 8 45 64 78
7218: 3 3 203 34 112
12392: 5 3 1 83 9 606 7 117 8
1137542408: 8 1 6 5 6 1 9 227 8 580 8
39122793600000: 930 704 8 925 95 85 1
1275415344: 222 41 849 238 24
278389: 195 9 61 48 105 666 1
637055: 67 619 928 6 441
1059: 74 397 36 544 8
1616924: 262 1 53 29 4
410: 6 6 258 52 1 88
39792060: 855 37 65 63 660
1913107: 371 178 71 64 49
49640440: 1 26 47 4 75 18 5 79 92
224952: 757 62 5 1 273
2063516: 555 235 653 9 4
2576: 45 749 12 50 3 8
76745952: 4 9 4 262 2 2 44 8 540 8
367072: 2 1 709 6 831 27 55 6
121111296: 3 868 634 27 61 992 3
23135875: 31 901 8 535 3 2 965
1480860: 8 3 1 5 66 412 1 84 9 2 6
296310: 8 1 3 23 2 6 6 9 95 51
29303: 5 60 437 851 47
8715: 2 59 8 9 1 1 14 7
68630: 340 390 93 293 447
3943205: 1 776 9 3 23 8 76 600 5
122: 5 30 3 8 9
244560: 2 5 29 6 4 5 95 1 2 5
15286250: 2 7 865 7 5 2 7 4 3 7 2 5
3544: 8 6 403 1 26 8
32669230: 953 13 13 71 470
4236895: 912 97 79 649 9 6 169
48402984: 7 941 49 521 2
145805: 4 356 5 81 5
119: 7 3 32 68 9
25515: 1 7 6 402 61 3 1 9 4 123
491: 5 3 474 9
1996: 672 4 910 410
18318: 49 43 9 9 4 3 39 6 2 8 4 2
737: 631 2 98 3 1 2
1864368: 29 25 7 1 7 25 698 2 8
60073021: 1 79 891 745 5 2 417 1
2222532: 8 608 82 44 4
97888: 50 20 8 52 4 78 2 6 64
10901: 24 1 7 62 51
277: 7 251 8 9 2
4146916: 24 1 559 324 290 206
5490: 6 56 546 2 9
4565: 7 50 76 175 58
30092958: 7 18 51 223 21
3717: 5 2 11 3 5 1 3 2 396 4 7 7
3812492: 23 4 250 107 556
46142: 2 757 5 5 2 86 2 7 3 3 2 1
10028200: 8 2 9 222 65 1 350 76
13533: 2 2 50 249 87
24219: 22 8 2 1 5 89 1 4 7 878 9
2612365509: 1 238 6 9 7 29 2 872 8 5
256973: 53 63 246 9 7 55 87 1
2225933284: 851 9 5 71 7 8 906 5 4
67520: 94 68 5 80 5 424 4 292
327564: 5 6 16 6 4 2 44 1 1 8 3 81
26292540384: 5 672 450 29 9 6 496
1001612: 6 755 1 6 55 8 2 54 5 4
1786: 9 5 178 9 58
54693: 20 39 927
56: 5 1 6 2 2 8 8
490999: 2 648 26 31 29
8607: 4 111 49 52 79
35525: 988 22 5 5 7 1
151673550: 740 7 846 4 2 86 5 6 90
1114: 65 54 33 455 507
89712: 7 97 4 18 8 89
876: 3 9 73
4931115: 3 89 957 5 1 8 5 7 2 39 7
317: 2 14 3 4 46 131 59 29
15: 1 7 7
6816: 8 7 33 71 2
441181: 7 2 653 8 94 4 31 7 76
304653: 378 72 7 62 587
2213436462: 70 54 477 99 6 9 7 6
98118: 3 53 987 765 8 1 1 6 9
21095946: 534 837 50 6 385 6 51
93519: 3 40 59 458 8 2 71
27067872: 4 50 6 4 9 7 876 328
597359623: 25 5 8 7 71 1 626 8 375
8103808659: 730 3 9 9 6 669 4 5 51
1479: 4 20 58 27 60
176430814: 502 8 9 2 2 1 5 3 809 7 7
2688: 8 1 33 6 179 92 9 8 8
87255: 5 989 12 64 5 9 9 5 6 9
3484800: 1 1 659 1 2 3 2 6 439 9 9
22651682: 152 6 12 423 9 35 32
543205950: 1 1 83 813 7 575
186: 2 33 1 27 3
792960: 55 4 7 8 30 8
1158: 827 81 99 3 148
158861736: 7 4 8 5 92 2 23 6 4 1 391
2358948: 84 5 3 6 9 3 70 7 5 279 3
110577: 86 791 72 4 1 8 9 1 29
6550: 178 162 19 88 2
22327095: 6 30 719 6 6 7 1 2 6 821
1097: 83 15 4 95 610
138311712: 74 80 9 24 77 54
23606: 58 9 6 5 58
592711: 23 233 434 859 1
367570476000: 7 87 40 3 5 265 2 2 949
168268: 822 445 90 4 31
102663: 235 4 7 674 763 1 33
4155840: 9 521 76 50 4 6 4 520 3
203168: 902 5 4 8 7
115360: 85 21 5 8 7 876 21 5 16
2036934: 70 23 33 4 69 83 3 75 9
44976: 18 13 60 5 9 24
4710889260: 38 267 77 9 670
265: 233 6 4 1 18 4
9189: 78 984 764 5 59
2695: 176 9 6 54 11
276811: 4 8 4 9 2 2 732 1 7 34 74
30093: 89 47 9 209 21
28458657220: 7 98 32 949 5 21 5 7 85
282270: 485 97 6
24645: 89 173 600 4 7 9 3 497
94584: 80 64 87 984 7
3708: 6 44 53 9 4
63299: 205 514 87 1 745
5150880: 8 96 336 7 64 36 280
34843752: 932 3 67 2 93
1482: 24 248 7 5 87
145: 25 69 37 7 7
944283906000: 6 86 150 90 971 783
380: 3 52 3 91 231
871885: 9 30 3 27 92 3 1
240: 3 5 2 8
7704: 3 9 642
32375064: 699 69 61 1 394 99 84
399150997: 1 5 7 78 13 40 757 4 33
2153844: 5 66 1 45 1 701 54 539
226784880: 1 4 247 8 5 2 7 9 8 849
236440248: 8 36 694 87 89
204127695: 509 8 7 4 4 3 9 5 9 719 1
8480096: 5 1 5 836 7 3 2 6 7 539 9
4481295: 462 7 21 7 65
67720665600: 7 5 602 8 2 9 31 8 5 1 9 2
5132160: 5 7 9 5 2 3 2 8 1 9 32 486
1046: 6 4 8 8 5 80 7 239
432340440: 5 9 526 309 190
515446: 1 2 86 5 1 4 34 77 68 4 6
199584: 6 8 6 44 6 9
2537: 12 1 6 2 54 4 481
564725: 81 4 424 396 624 5
31209961: 246 8 163 33 324 7 4 9
68400: 5 902 99 514 5 9
3964416: 1 1 6 7 1 2 9 6 460 4 768
30590: 146 6 5 8 3 8 5 44 7 84
27963329: 228 436 3 94 446 2 19
3564210: 77 8 45 39 703
8605326: 56 2 100 851 64 6 8
798: 14 760 21 3 1
13329988: 1 6 4 6 440 9 3 29 6 1 28
1530877: 9 7 5 7 3 7 78 5 5 5 118 9
1474: 1 6 9 674 2
86163: 7 7 10 7 3 1 50 3 2 2 1 77
22467701: 2 2 368 3 5 2 95 3 7 6 3 8
244683327: 9 2 920 8 50 5 8 7 601
1112640: 686 8 2 93 751 1 2 407
46650: 5 83 80 454 75
1114: 58 76 980
17220: 893 2 531 9 12
47658: 36 75 948 45 3
2687: 821 4 44 9 3 53
3398720: 38 559 5 4 8
269853: 248 5 2 373 307
656518: 4 776 5 47 263 3 59 2 9
529254: 9 7 8 86 48 870
13113110010: 64 4 9 22 7 3 535 689
70896: 90 72 6 6 64 2 9 8 2 4 6 6
11415140: 2 676 6 4 96 20 8 1 91 9
244184: 2 7 7 3 87 9 886 233 1
4064: 13 54 7 54 68
871745190: 4 926 69 4 566 4 929 6
1114: 98 6 9 91 87
19644: 94 233 10 4 6
3412148: 87 6 80 6 4 93 6 452
755885: 84 87 68 1 65
205212: 402 18 6 272 294
30294660: 17 7 213 3 6 5 6 985
119952: 8 9 588 4 3
121: 5 1 7 74 5
10424368: 62 694 3 8 12 5 8 214
45528: 484 5 22 88 560
31387356: 1 20 871 3 572
219659: 35 8 6 1 3 9 11 8 8 3 2 5
3525158: 836 694 8 1 382 6 8 54